1.390000000000000000e+02 2.850000000000000000e+02
4.300000000000000000e+01 8.280000000000000000e+02
3.250000000000000000e+02 6.600000000000000000e+02
4.390000000000000000e+02 1.570000000000000000e+02
4.210000000000000000e+02 8.200000000000000000e+01
5.280000000000000000e+02 1.650000000000000000e+02
3.670000000000000000e+02 3.110000000000000000e+02
6.880000000000000000e+02 9.130000000000000000e+02
4.770000000000000000e+02 5.050000000000000000e+02
5.480000000000000000e+02 6.630000000000000000e+02
4.860000000000000000e+02 2.920000000000000000e+02
6.150000000000000000e+02 2.010000000000000000e+02
4.920000000000000000e+02 5.460000000000000000e+02
3.360000000000000000e+02 1.530000000000000000e+02
4.030000000000000000e+02 6.200000000000000000e+01
1.460000000000000000e+02 5.280000000000000000e+02
4.300000000000000000e+01 8.120000000000000000e+02
2.870000000000000000e+02 7.860000000000000000e+02
4.930000000000000000e+02 6.820000000000000000e+02
3.160000000000000000e+02 2.790000000000000000e+02
4.850000000000000000e+02 2.390000000000000000e+02
5.350000000000000000e+02 2.110000000000000000e+02
5.050000000000000000e+02 3.430000000000000000e+02
6.370000000000000000e+02 5.780000000000000000e+02
5.630000000000000000e+02 4.780000000000000000e+02
5.920000000000000000e+02 2.100000000000000000e+02
4.410000000000000000e+02 3.980000000000000000e+02
