3.930000000000000000e+02 1.160000000000000000e+02
1.880000000000000000e+02 8.060000000000000000e+02
1.380000000000000000e+02 2.650000000000000000e+02
2.480000000000000000e+02 3.790000000000000000e+02
6.850000000000000000e+02 4.150000000000000000e+02
5.160000000000000000e+02 6.270000000000000000e+02
2.850000000000000000e+02 2.000000000000000000e+02
2.250000000000000000e+02 8.960000000000000000e+02
9.000000000000000000e+00 5.400000000000000000e+02
4.200000000000000000e+02 3.300000000000000000e+02
2.940000000000000000e+02 1.380000000000000000e+02
7.430000000000000000e+02 4.330000000000000000e+02
7.280000000000000000e+02 4.410000000000000000e+02
5.750000000000000000e+02 8.550000000000000000e+02
2.790000000000000000e+02 6.340000000000000000e+02
4.540000000000000000e+02 3.260000000000000000e+02
6.760000000000000000e+02 5.830000000000000000e+02
4.490000000000000000e+02 4.890000000000000000e+02
6.350000000000000000e+02 6.930000000000000000e+02
6.050000000000000000e+02 8.030000000000000000e+02
3.140000000000000000e+02 1.700000000000000000e+01
6.770000000000000000e+02 4.680000000000000000e+02
5.610000000000000000e+02 9.530000000000000000e+02
3.770000000000000000e+02 4.040000000000000000e+02
5.620000000000000000e+02 8.000000000000000000e+02
9.100000000000000000e+01 2.400000000000000000e+01
6.520000000000000000e+02 2.880000000000000000e+02
7.670000000000000000e+02 6.750000000000000000e+02
3.010000000000000000e+02 2.200000000000000000e+02
5.750000000000000000e+02 7.530000000000000000e+02
3.100000000000000000e+02 5.700000000000000000e+02
2.830000000000000000e+02 3.140000000000000000e+02
6.670000000000000000e+02 3.450000000000000000e+02
5.060000000000000000e+02 3.660000000000000000e+02
4.110000000000000000e+02 7.950000000000000000e+02
3.780000000000000000e+02 8.870000000000000000e+02
3.800000000000000000e+02 6.260000000000000000e+02
7.120000000000000000e+02 2.870000000000000000e+02
5.270000000000000000e+02 4.330000000000000000e+02
4.930000000000000000e+02 2.730000000000000000e+02
4.040000000000000000e+02 1.080000000000000000e+02
2.470000000000000000e+02 1.000000000000000000e+01
7.350000000000000000e+02 7.920000000000000000e+02
7.660000000000000000e+02 2.770000000000000000e+02
4.630000000000000000e+02 7.490000000000000000e+02
6.250000000000000000e+02 4.630000000000000000e+02
5.850000000000000000e+02 9.600000000000000000e+01
1.180000000000000000e+02 6.800000000000000000e+02
2.170000000000000000e+02 8.660000000000000000e+02
4.570000000000000000e+02 9.560000000000000000e+02
5.840000000000000000e+02 9.030000000000000000e+02
8.800000000000000000e+01 8.320000000000000000e+02
6.230000000000000000e+02 3.430000000000000000e+02
2.620000000000000000e+02 5.820000000000000000e+02
3.380000000000000000e+02 9.660000000000000000e+02
7.120000000000000000e+02 1.007000000000000000e+03
6.490000000000000000e+02 1.014000000000000000e+03
1.110000000000000000e+02 4.260000000000000000e+02
6.870000000000000000e+02 6.600000000000000000e+01
1.300000000000000000e+02 8.640000000000000000e+02
1.510000000000000000e+02 2.920000000000000000e+02
1.850000000000000000e+02 7.540000000000000000e+02
1.480000000000000000e+02 3.640000000000000000e+02
7.100000000000000000e+02 3.620000000000000000e+02
2.360000000000000000e+02 9.090000000000000000e+02
9.500000000000000000e+01 5.140000000000000000e+02
7.800000000000000000e+01 8.890000000000000000e+02
1.050000000000000000e+02 8.490000000000000000e+02
1.100000000000000000e+01 3.330000000000000000e+02
0.000000000000000000e+00 7.100000000000000000e+02
2.190000000000000000e+02 3.100000000000000000e+02
7.450000000000000000e+02 1.100000000000000000e+01
7.120000000000000000e+02 7.010000000000000000e+02
6.750000000000000000e+02 6.600000000000000000e+01
3.880000000000000000e+02 4.030000000000000000e+02
1.800000000000000000e+02 8.820000000000000000e+02
4.580000000000000000e+02 7.050000000000000000e+02
7.130000000000000000e+02 8.080000000000000000e+02
4.260000000000000000e+02 2.060000000000000000e+02
4.700000000000000000e+01 9.910000000000000000e+02
5.470000000000000000e+02 1.850000000000000000e+02
5.790000000000000000e+02 9.200000000000000000e+02
5.460000000000000000e+02 7.110000000000000000e+02
6.710000000000000000e+02 1.100000000000000000e+01
6.720000000000000000e+02 8.040000000000000000e+02
3.640000000000000000e+02 1.760000000000000000e+02
5.090000000000000000e+02 9.300000000000000000e+02
6.300000000000000000e+02 7.520000000000000000e+02
2.470000000000000000e+02 2.820000000000000000e+02
4.700000000000000000e+02 8.050000000000000000e+02
3.630000000000000000e+02 9.170000000000000000e+02
7.100000000000000000e+02 6.680000000000000000e+02
3.720000000000000000e+02 2.550000000000000000e+02
1.740000000000000000e+02 2.870000000000000000e+02
3.810000000000000000e+02 5.100000000000000000e+01
2.280000000000000000e+02 5.020000000000000000e+02
2.100000000000000000e+02 5.920000000000000000e+02
1.370000000000000000e+02 9.630000000000000000e+02
3.040000000000000000e+02 4.270000000000000000e+02
3.030000000000000000e+02 9.810000000000000000e+02
